4537246
2121989
4537275
4537282
2120633
2120616
2121936
4537257
2121271
2121303
2120704
4537006
4537010
4536992
7446310
2122282
4536981
4536978
10765511
2120805
2120794
4539597
2120806
2120754
2120749
4539584
2120796
10915874
4539594
4537070
2120383
2120372
4539722
2121008
2121447
7641902
5166886
2120343
4539043
2119903
10934196
4539049
4538009
2120892
2120918
4539244
2120911
2120899
2122151
4537334
2122079
2122157
10038254
2120964
4539661
4539682
9217813
2120418
2122146
4538730
4538732
4539297
10848695
4537098
2120565
4537112
10990673
2122214
4537137
2122217
4537152
5167064
2121891
2121897
9616579
4537269
2120828
2120836
2120833
